2021046580798664150
2021046580798664151
2021046580798664152
2021046580798664153
2021046580798664154
2021046580798664155
2021046580798664156
2021046580798664157
2021046580798664158
2021046580798664159
2021046580798664160
2021046580798664161
2021046580798664162
2021046580798664163
2021046580798664164
2021046580798664165
2021046580798664166
2021046580798664167
2021046580798664168
2021046580798664169
2021046580798664170
2021046580798664171
2021046580798664172
2021046580798664173
2021046580798664174
2021046580798664175
2021046580798664176
2021046580798664177
2021046580798664178
2021046580798664179
2021046580798664180
2021046580798664181
2021046580798664182
2021046580798664183
2021046580798664184
2021046580798664185
2021046580798664186
2021046580798664187
2021046580798664188
2021046580798664189
2021046580798664190
2021046580798664191
2021046580798664192
2021046580798664193
2021046580798664194
2021046580798664195